NAME	CODE	POLYID	core	periphery	NATION	CNTRYNAME	GDP89	GDP90	GDP91	GROWTH	MANUF80	MANUF89	AGRI	XCOO	YCOO	INV
Brussels	BE1	1	1	0	32	Belgium	9.995199	10.086771	10.080428	0.047115	0.113443	0.091909	0.000451	4.355582	50.843820	0.176839
Antwerpen	BE21	2	1	0	32	Belgium	9.769253	9.854570	9.837415	0.044697	0.295777	0.260127	0.016533	4.699876	51.199318	0.210973
Limburg	BE22	3	1	0	32	Belgium	9.531250	9.613175	9.561756	0.048995	0.285166	0.266621	0.027320	5.464270	50.939119	0.238661
Oost-Vlaanderen	BE23	4	1	0	32	Belgium	9.525653	9.602105	9.584517	0.042767	0.301999	0.266758	0.034747	3.780478	50.982012	0.223177
Vlaams Brabant	BE24	5	1	0	32	Belgium	9.311676	9.420228	9.458704	0.061985	0.237187	0.179032	0.026843	4.531459	50.870485	0.201985
West-Vlaanderen	BE25	6	1	0	32	Belgium	9.586048	9.689892	9.686344	0.050167	0.292806	0.271176	0.050012	3.166297	51.028884	0.233763
Brabant Wallon	BE31	7	1	0	32	Belgium	9.267905	9.342841	9.398334	0.057313	0.219815	0.166699	0.030216	4.550729	50.669555	0.212844
Hainaut	BE32	8	1	0	32	Belgium	9.258702	9.333407	9.329922	0.041422	0.266204	0.196972	0.027833	3.897311	50.475157	0.171400
Liege	BE33	9	1	0	32	Belgium	9.470295	9.538103	9.560023	0.041136	0.253641	0.190602	0.024465	5.762656	50.478881	0.179233
Luxembourg	BE34	10	1	0	32	Belgium	9.383803	9.467244	9.487611	0.048110	0.094557	0.085514	0.088192	5.544649	50.003492	0.216635
Namur	BE35	11	1	0	32	Belgium	9.300167	9.356646	9.354354	0.045864	0.173101	0.129858	0.043943	4.868793	50.248031	0.162766
Stuttgart	DE11	12	1	0	49	Germany	9.980223	10.066550	10.056290	0.033935	0.374016	0.376045	0.032167	9.692026	49.061095	0.247805
Karlsruhe	DE12	13	1	0	49	Germany	9.850409	9.943492	9.942630	0.035349	0.386049	0.323689	0.016627	8.822670	49.078370	0.247805
Freiburg	DE13	14	1	0	49	Germany	9.733162	9.823984	9.813750	0.034725	0.369158	0.380907	0.037772	8.376027	47.936616	0.247805
Tubingen	DE14	15	1	0	49	Germany	9.770568	9.865905	9.863767	0.035824	0.409114	0.354246	0.060116	9.556131	48.221037	0.247805
Oberbayern	DE21	16	1	0	49	Germany	10.010873	10.105975	10.130179	0.047107	0.304065	0.267816	0.048808	11.559305	48.363182	0.300863
Niederbayern	DE22	17	1	0	49	Germany	9.537320	9.629656	9.647291	0.041575	0.338153	0.351343	0.118654	12.490162	48.750893	0.300863
Oberpfalz	DE23	18	1	0	49	Germany	9.544738	9.647311	9.671932	0.046951	0.305968	0.321409	0.084234	12.088467	49.371468	0.300863
Oberfranken	DE24	19	1	0	49	Germany	9.629662	9.726088	9.743489	0.043646	0.368640	0.388841	0.061189	11.319468	50.041905	0.300863
Mittelfranken	DE25	20	1	0	49	Germany	9.815158	9.906623	9.915653	0.040207	0.332631	0.358346	0.051645	10.887751	49.335431	0.300863
Unterfranken	DE26	21	1	0	49	Germany	9.619678	9.714057	9.723678	0.042779	0.395094	0.316455	0.061681	9.908902	49.962563	0.300863
Schwaben	DE27	22	1	0	49	Germany	9.691269	9.779425	9.790530	0.041597	0.312566	0.325076	0.078519	10.573693	48.285988	0.300863
Bremen	DE5	23	1	0	49	Germany	9.998832	10.106551	10.123737	0.041691	0.281186	0.260134	0.006214	8.713551	53.256173	0.186103
Hamburg	DE6	24	1	0	49	Germany	10.205263	10.317711	10.334360	0.045912	0.193305	0.167147	0.009112	10.025751	53.564419	0.199192
Darmstadt	DE71	25	1	0	49	Germany	10.086566	10.196221	10.215225	0.043446	0.299881	0.279285	0.015131	8.897072	50.035308	0.238376
Giessen	DE72	26	1	0	49	Germany	9.581012	9.679018	9.730059	0.046147	0.366897	0.292948	0.030245	8.834011	50.610042	0.238376
Kassel	DE73	27	1	0	49	Germany	9.661239	9.751635	9.816785	0.049765	0.267619	0.298451	0.037429	9.539319	51.008192	0.238376
Braunschweig	DE91	28	1	0	49	Germany	9.659238	9.729824	9.771453	0.044443	0.313403	0.330831	0.032922	10.296805	51.987750	0.274612
Hannover	DE92	29	1	0	49	Germany	9.740819	9.825126	9.843735	0.039818	0.275341	0.247611	0.037710	9.368682	52.396317	0.274612
Luneburg	DE93	30	1	0	49	Germany	9.406620	9.507998	9.529137	0.036393	0.255104	0.216984	0.077268	9.662527	53.145968	0.274612
Weser-Ems	DE94	31	1	0	49	Germany	9.567265	9.666188	9.690180	0.039923	0.260170	0.248622	0.077898	7.679953	53.008280	0.274612
Dusseldorf	DEA1	32	1	0	49	Germany	9.804116	9.892052	9.894857	0.036616	0.357320	0.319330	0.016498	6.551630	51.467416	0.220965
Koln	DEA2	33	1	0	49	Germany	9.753475	9.830255	9.831050	0.035637	0.344854	0.287055	0.017421	6.682943	50.783344	0.220965
Munster	DEA3	34	1	0	49	Germany	9.566699	9.648802	9.652125	0.035573	0.373328	0.294749	0.037654	7.357563	51.912602	0.220965
Detmold	DEA4	35	1	0	49	Germany	9.686110	9.769219	9.768141	0.034256	0.348369	0.349804	0.035456	8.828810	51.997010	0.220965
Arnsberg	DEA5	36	1	0	49	Germany	9.671216	9.755544	9.762361	0.036887	0.351659	0.358947	0.016541	8.041419	51.333339	0.220965
Koblenz	DEB1	37	1	0	49	Germany	9.555824	9.648795	9.641677	0.028804	0.288928	0.286213	0.040257	7.471393	50.222395	0.294469
Trier	DEB2	38	1	0	49	Germany	9.482610	9.572689	9.590734	0.030315	0.283564	0.220987	0.106066	6.518592	50.015962	0.294469
Rheinhessen-Pfalz	DEB3	39	1	0	49	Germany	9.722620	9.795123	9.783020	0.026676	0.331279	0.318432	0.049019	7.753774	49.461926	0.294469
Saarland	DEC	40	1	0	49	Germany	9.664633	9.754686	9.766568	0.038986	0.335914	0.296175	0.008308	6.899049	49.347875	0.275444
Schleswig-Holstein	DEF	41	1	0	49	Germany	9.590766	9.698700	9.711173	0.040416	0.232078	0.223814	0.050269	9.556526	54.325673	0.289978
Denmark	DK	42	1	0	45	Denmark	9.824469	9.891511	9.872876	0.047464	0.203591	0.200746	0.057095	10.825759	55.572729	0.193302
Galicia	ES11	43	0	1	34	Spain	8.870214	8.962469	9.011750	0.044328	0.144619	0.141744	0.337776	-8.472765	42.902627	0.250097
Asturias	ES12	44	0	1	34	Spain	9.071896	9.154193	9.195077	0.040055	0.236800	0.207896	0.156280	-5.929567	43.437237	0.250097
Cantabria	ES13	45	0	1	34	Spain	9.136708	9.220083	9.253823	0.040392	0.263632	0.248474	0.147800	-3.864517	43.308633	0.250097
Pais Vasco	ES21	46	0	1	34	Spain	9.310936	9.410633	9.453462	0.043274	0.435589	0.370427	0.037948	-2.597882	43.152928	0.250097
Navarra	ES22	47	0	1	34	Spain	9.372082	9.446250	9.498832	0.037479	0.353788	0.366727	0.085459	-1.477781	42.866353	0.250097
La Rioja	ES23	48	0	1	34	Spain	9.242265	9.361893	9.416734	0.042286	0.351060	0.355467	0.121602	-2.447980	42.292406	0.250097
Aragon	ES24	49	0	1	34	Spain	9.236095	9.339094	9.394725	0.040053	0.264708	0.258535	0.121914	-0.400122	41.830721	0.250097
Comunidad de Madrid	ES3	50	0	1	34	Spain	9.335450	9.460032	9.512378	0.048612	0.235025	0.194129	0.011104	-3.752321	40.395270	0.250097
Castilla y Leon	ES41	51	0	1	34	Spain	9.014982	9.103924	9.152655	0.045754	0.188408	0.182527	0.197968	-4.525142	41.845253	0.250097
Castilla-la Mancha	ES42	52	0	1	34	Spain	8.944744	9.056070	9.099297	0.039178	0.206649	0.207685	0.204031	-3.166404	39.712513	0.250097
Extremadura	ES43	53	0	1	34	Spain	8.695390	8.805405	8.869983	0.047239	0.106170	0.085958	0.246365	-6.114118	39.098399	0.250097
Cataluna	ES51	54	0	1	34	Spain	9.328224	9.438702	9.490288	0.043897	0.362080	0.325692	0.039429	1.715711	41.868672	0.250097
Comunidad Valenciana	ES52	55	0	1	34	Spain	9.122409	9.243707	9.293523	0.039899	0.302597	0.283093	0.095606	-0.369790	39.378865	0.250097
Baleares	ES53	56	0	1	34	Spain	9.358847	9.491753	9.555936	0.042716	0.152432	0.134457	0.042766	2.774912	39.488135	0.250097
Andalucia	ES61	57	0	1	34	Spain	8.826589	8.967836	9.018067	0.039819	0.155001	0.138916	0.147718	-5.101089	37.222362	0.250097
Murcia	ES62	58	0	1	34	Spain	9.040080	9.181231	9.214175	0.035444	0.233388	0.208813	0.138987	-1.154292	37.753613	0.250097
Ile de France	FR1	59	1	0	33	France	10.068490	10.136383	10.119221	0.039628	0.237435	0.187089	0.005107	2.436941	48.745501	0.218598
Champagne-Ardenne	FR21	60	1	0	33	France	9.580537	9.692501	9.628950	0.037909	0.310898	0.266455	0.103940	4.664471	48.670236	0.213735
Picardie	FR22	61	1	0	33	France	9.459082	9.525954	9.499047	0.035202	0.337634	0.289075	0.081351	2.556332	49.725162	0.213965
Haute-Normandie	FR23	62	1	0	33	France	9.677349	9.707248	9.693314	0.037887	0.309088	0.270244	0.051848	1.107744	49.469152	0.204619
Centre	FR24	63	1	0	33	France	9.577289	9.625861	9.601822	0.031715	0.276506	0.252106	0.087357	1.621746	47.607470	0.212008
Basse-Normandie	FR25	64	1	0	33	France	9.433210	9.516626	9.507850	0.042239	0.239057	0.218146	0.135961	-0.676831	48.939242	0.256715
Bourgogne	FR26	65	1	0	33	France	9.534944	9.595290	9.566233	0.036654	0.270916	0.243063	0.093801	4.355121	47.178097	0.196006
Nord - Pas-de-Calais	FR3	66	1	0	33	France	9.448157	9.507782	9.497696	0.038945	0.327575	0.259000	0.042388	2.712564	50.409520	0.217303
Lorraine	FR41	67	1	0	33	France	9.484643	9.549445	9.527743	0.036868	0.312403	0.263627	0.040628	6.200168	48.770878	0.233386
Alsace	FR42	68	1	0	33	France	9.665606	9.713216	9.691353	0.035100	0.326172	0.295704	0.035072	7.285699	48.321063	0.240494
Franche-Comte	FR43	69	1	0	33	France	9.535795	9.597098	9.549281	0.037282	0.379592	0.327385	0.066887	5.926009	47.214171	0.215036
Pays de la Loire	FR51	70	1	0	33	France	9.524169	9.570738	9.529504	0.036922	0.254023	0.241192	0.112967	-0.972609	47.366293	0.211690
Bretagne	FR52	71	1	0	33	France	9.438145	9.491081	9.490770	0.040443	0.173705	0.188135	0.130327	-3.384155	48.304827	0.220915
Poitou-Charentes	FR53	72	1	0	33	France	9.440334	9.476597	9.449973	0.035514	0.214059	0.197323	0.134517	-0.314858	46.166076	0.211121
Aquitaine	FR61	73	1	0	33	France	9.550738	9.604718	9.566427	0.039087	0.187867	0.171558	0.109899	-0.281581	44.377161	0.196532
Midi-Pyrenees	FR62	74	1	0	33	France	9.483978	9.544259	9.512787	0.036552	0.194671	0.179034	0.121145	1.410173	43.770266	0.205375
Limousin	FR63	75	1	0	33	France	9.365165	9.437819	9.416610	0.041825	0.219211	0.192979	0.149273	1.676249	45.731209	0.191715
Rhone-Alpes	FR71	76	1	0	33	France	9.637480	9.706992	9.686190	0.037311	0.305726	0.263782	0.044165	5.046873	45.278688	0.226807
Auvergne	FR72	77	1	0	33	France	9.431100	9.477891	9.460027	0.040758	0.266143	0.235229	0.117722	3.177454	45.590878	0.207586
Languedoc-Roussillon	FR81	78	1	0	33	France	9.367538	9.450050	9.433019	0.039272	0.144291	0.125640	0.096594	3.176352	43.545592	0.231800
Provence-Alpes-Cote d'Azur	FR82	79	1	0	33	France	9.578068	9.630727	9.600042	0.031620	0.155829	0.132395	0.041023	5.897536	43.549276	0.213484
Corse	FR83	80	1	0	33	France	9.398454	9.462025	9.440430	0.047924	0.072415	0.069098	0.098383	8.972122	42.062456	0.185988
"Anatoliki Makedonia, Thrak"	GR11	81	0	1	30	Greece	8.604271	8.667663	8.719305	0.059544	0.214826	0.151011	0.442591	25.172840	40.909568	0.178229
Kentriki Makedonia	GR12	82	0	1	30	Greece	8.700245	8.753987	8.803268	0.059258	0.244709	0.226965	0.262126	23.490369	40.343691	0.160085
Dytiki Makedonia	GR13	83	0	1	30	Greece	8.765098	8.832982	8.849325	0.051163	0.294955	0.206167	0.329135	21.477416	40.343771	0.257351
Thessalia	GR14	84	0	1	30	Greece	8.665850	8.698147	8.772965	0.058433	0.177911	0.164325	0.368670	23.274019	39.268171	0.150956
Ipeiros	GR21	85	0	1	30	Greece	8.359129	8.386424	8.426928	0.068554	0.076932	0.091022	0.404297	20.634979	39.314426	0.223798
Ionia Nisia	GR22	86	0	1	30	Greece	8.614118	8.673992	8.718962	0.063578	0.044380	0.073783	0.389600	20.499434	38.631457	0.203714
Dytiki Ellada	GR23	87	0	1	30	Greece	8.528616	8.590648	8.655736	0.060033	0.073360	0.116333	0.450638	21.284979	38.427814	0.193490
Sterea Ellada	GR24	88	0	1	30	Greece	8.902229	8.940839	8.962282	0.034203	0.326266	0.204739	0.368597	23.482015	38.522819	0.120270
Peloponnisos	GR25	89	0	1	30	Greece	8.664973	8.730577	8.762219	0.051640	0.140606	0.094112	0.483837	22.631544	37.113311	0.280580
Attiki	GR3	90	0	1	30	Greece	8.765705	8.833346	8.871589	0.068582	0.302072	0.238952	0.014583	23.485181	37.514987	0.140877
Voreio Aigaio	GR41	91	0	1	30	Greece	8.328944	8.436742	8.500622	0.075330	0.133277	0.075207	0.236737	26.046546	38.681024	0.163758
Notio Aigaio	GR42	92	0	1	30	Greece	8.841168	8.899444	8.930949	0.058431	0.190921	0.101421	0.082557	25.938244	36.890576	0.247364
Kriti	GR43	93	0	1	30	Greece	8.784764	8.828787	8.869447	0.058259	0.083325	0.073892	0.451982	24.950896	35.256620	0.168101
Border	IE01	94	0	1	353	Irish Republic	8.953542	9.025622	9.003227	0.081896	0.191805	0.206086	0.253948	-8.761289	54.100909	0.209149
Dublin	IE02	95	0	1	353	Irish Republic	9.240431	9.335993	9.327185	0.094137	0.229275	0.199717	0.114901	-8.811094	52.224629	0.195517
Piemonte	IT11	96	1	0	39	Italy	9.688382	9.745254	9.754464	0.029102	0.372246	0.322659	0.069535	7.920317	45.313891	0.245322
Valle d'Aosta	IT12	97	1	0	39	Italy	9.793478	9.849016	9.866442	0.022599	0.161996	0.119429	0.098248	7.344200	45.800021	0.229479
Liguria	IT13	98	1	0	39	Italy	9.662429	9.738247	9.791480	0.033720	0.193413	0.163028	0.053458	8.787408	44.243215	0.176881
Lombardia	IT2	99	1	0	39	Italy	9.810893	9.873662	9.886960	0.027814	0.415343	0.341776	0.027097	9.617554	46.005411	0.211375
Trentino-Alto Adige	IT31	100	1	0	39	Italy	9.686274	9.769636	9.806407	0.035002	0.169294	0.173183	0.085202	11.220499	46.431265	0.249888
Veneto	IT32	101	1	0	39	Italy	9.666793	9.733482	9.757696	0.036512	0.346064	0.345665	0.063650	12.104079	45.621923	0.259303
Friuli-Venezia Giulia	IT33	102	1	0	39	Italy	9.688559	9.753484	9.779563	0.034112	0.271516	0.229020	0.042280	13.142786	46.015469	0.245586
Emilia-Romagna	IT4	103	1	0	39	Italy	9.751348	9.823540	9.844716	0.033917	0.297592	0.301789	0.080504	10.956330	44.461916	0.244110
Toscana	IT51	104	1	0	39	Italy	9.603020	9.667683	9.700212	0.032444	0.325321	0.279048	0.047030	10.960100	43.248461	0.187507
Umbria	IT52	105	0	1	39	Italy	9.496272	9.565543	9.601029	0.031671	0.294413	0.247619	0.079487	12.473006	42.966704	0.225017
Marche	IT53	106	0	1	39	Italy	9.559433	9.629452	9.644497	0.032428	0.324995	0.316556	0.086640	12.880244	43.405247	0.203270
Lazio	IT6	107	0	1	39	Italy	9.629577	9.721630	9.757480	0.031852	0.150691	0.133122	0.048743	12.844053	42.017986	0.179311
Abruzzo	IT71	108	0	1	39	Italy	9.403106	9.484238	9.519989	0.026896	0.203528	0.201897	0.129359	13.792459	42.187292	0.247268
Molise	IT72	109	0	1	39	Italy	9.262871	9.326549	9.361952	0.033204	0.120479	0.147060	0.238645	14.549818	41.655567	0.251441
Campania	IT8	110	0	1	39	Italy	9.166447	9.239841	9.252005	0.025278	0.170709	0.132975	0.150201	14.700982	40.808931	0.303740
Puglia	IT91	111	0	1	39	Italy	9.200496	9.257081	9.302552	0.027818	0.162896	0.163749	0.156896	16.715050	40.943157	0.245236
Basilicata	IT92	112	0	1	39	Italy	9.063108	9.140754	9.169925	0.041858	0.110638	0.092902	0.239938	16.032010	40.534279	0.348059
Calabria	IT93	113	0	1	39	Italy	9.025711	9.027739	9.109123	0.029011	0.083744	0.061799	0.303345	16.288924	39.172758	0.273820
Sicilia	ITA	114	0	1	39	Italy	9.116187	9.209030	9.262810	0.028340	0.118640	0.088043	0.163381	13.917240	37.649036	0.290589
Sardegna	ITB	115	0	1	39	Italy	9.206793	9.288541	9.359672	0.032667	0.144340	0.111989	0.111442	8.970173	40.281003	0.277952
Luxembourg	LU	116	1	0	352	Luxembourg	9.930331	10.005674	10.032247	0.070898	0.237048	0.188889	0.034409	6.069605	49.814677	0.137513
Groningen	NL11	117	1	0	31	Netherlands	9.718728	9.809545	9.897459	0.038686	0.308075	0.218938	0.030271	6.650411	53.292840	0.177239
Friesland	NL12	118	1	0	31	Netherlands	9.372049	9.439450	9.439028	0.043838	0.302194	0.237504	0.063311	5.659971	53.210251	0.221362
Drenthe	NL13	119	1	0	31	Netherlands	9.395505	9.493065	9.477058	0.038167	0.355275	0.258378	0.058236	6.521065	52.816222	0.265056
Overijssel	NL21	120	1	0	31	Netherlands	9.418446	9.481763	9.465913	0.047716	0.359231	0.286604	0.048553	6.368302	52.483960	0.250205
Gelderland	NL22	121	1	0	31	Netherlands	9.407667	9.475761	9.472881	0.050871	0.282638	0.236510	0.052471	5.933365	52.101121	0.209815
Flevoland	NL23	122	1	0	31	Netherlands	9.297364	9.339990	9.319532	0.035617	0.190159	0.145078	0.109742	5.587640	52.514569	0.394492
Utrecht	NL31	123	1	0	31	Netherlands	9.605882	9.676468	9.667138	0.059822	0.230650	0.160163	0.029995	5.170383	52.103009	0.211732
Noord-Holland	NL32	124	1	0	31	Netherlands	9.679490	9.729569	9.723837	0.048765	0.229222	0.182309	0.031302	4.974543	52.640368	0.224105
Zuid-Holland	NL33	125	1	0	31	Netherlands	9.598286	9.662167	9.650199	0.047844	0.226957	0.181978	0.036908	4.502344	51.968775	0.224935
Zeeland	NL34	126	1	0	31	Netherlands	9.632353	9.650374	9.623907	0.031439	0.293331	0.226556	0.062655	3.846191	51.417093	0.227322
Noord-Brabant	NL41	127	1	0	31	Netherlands	9.519250	9.583675	9.585906	0.051560	0.354364	0.311926	0.044612	5.090549	51.521284	0.247491
Limburg	NL42	128	1	0	31	Netherlands	9.464232	9.509333	9.488817	0.047840	0.342435	0.300788	0.043698	5.898000	51.139952	0.257913
Norte	PT11	129	0	1	351	Portugal	8.305051	8.460136	8.569581	0.079748	0.341436	0.331609	0.201859	-7.834855	41.499273	0.233696
Centro	PT12	130	0	1	351	Portugal	8.233559	8.386857	8.476490	0.085590	0.228001	0.220014	0.326083	-7.967024	40.231785	0.271614
Lisboa e Vale do Tejo	PT13	131	0	1	351	Portugal	8.704013	8.877675	8.997900	0.081170	0.260427	0.204023	0.095146	-8.950841	38.956269	0.271614
Alentejo	PT14	132	0	1	351	Portugal	8.430288	8.513306	8.529434	0.064957	0.130438	0.132337	0.328672	-8.120986	38.307714	0.271614
Algarve	PT15	133	0	1	351	Portugal	8.510933	8.659508	8.768200	0.080066	0.128501	0.060295	0.222799	-8.175236	37.147573	0.272821
North East	UKC	134	1	0	44	United Kingdom	9.304322	9.341882	9.332102	0.048891	0.279661	0.214449	0.015651	-1.560597	55.109181	0.219934
South West	UKK	135	1	0	44	United Kingdom	9.424590	9.465424	9.460606	0.052184	0.224378	0.175712	0.036714	-3.858506	50.650366	0.251668
Wales	UKL	136	1	0	44	United Kingdom	9.311983	9.344360	9.332533	0.049386	0.243084	0.193653	0.046100	-4.320084	52.319144	0.239672
Scotland	UKM	137	0	1	44	United Kingdom	9.402632	9.464932	9.477299	0.056236	0.238078	0.177066	0.029938	-4.945480	57.537870	0.203093
Northern Ireland	UKN	138	0	1	44	United Kingdom	9.193143	9.267991	9.292926	0.057987	0.232573	0.182728	0.061389	-6.376677	54.568539	0.271405
North West	UKD	139	1	0	44	United Kingdom	9.393053	9.423680	9.408832	0.049708	0.295851	0.224562	0.014063	-3.306740	54.096169	0.186979
Yorkshire and the Humber	UKE	140	1	0	44	United Kingdom	9.379601	9.418167	9.412016	0.051587	0.297792	0.220895	0.020279	-0.590452	53.951170	0.200274
East Midlands	UKF	141	1	0	44	United Kingdom	9.442832	9.477248	9.468023	0.049864	0.329362	0.263580	0.024136	-0.414827	53.033874	0.198618
West Midlands	UKG	142	1	0	44	United Kingdom	9.394515	9.431770	9.422665	0.055001	0.360311	0.275200	0.021919	-2.340722	52.453801	0.220671
Eastern	UKH	143	1	0	44	United Kingdom	9.455740	9.485416	9.469738	0.055202	0.268454	0.192739	0.028686	0.805048	52.657319	0.265112
London	UKI	144	1	0	44	United Kingdom	9.880998	9.974564	9.902757	0.051575	0.174281	0.110814	0.001510	-0.089018	51.491224	0.266250
South East	UKJ	145	1	0	44	United Kingdom	9.493818	9.535759	9.531041	0.062384	0.226036	0.165483	0.020985	0.065168	51.289410	0.271691
